muid=034ed9b4-4aa4-40b6-b574-a4bca42d23ad;timestamp=1452507728872;targets=All;devices=cpu;power=0.0
muid=034ed9b4-4aa4-40b6-b574-a4bca42d23ad;timestamp=1452507729877;targets=All;devices=cpu;power=9.750753768844222
muid=034ed9b4-4aa4-40b6-b574-a4bca42d23ad;timestamp=1452507730887;targets=All;devices=cpu;power=0.7277227722772277
muid=034ed9b4-4aa4-40b6-b574-a4bca42d23ad;timestamp=1452507731888;targets=All;devices=cpu;power=0.7386934673366834


